6630747354259538436
6630315640177558023
6629964229199790606
6629505343493784072
6629226030080999950
6628373046358966797
6628021751236264456
6628020447067783694
6625963878528320014
6625587381296693768
6625164802295595528
6623994990483735044
6623580524235457032
6623263895572185604
6622975995836105220
6622806116306780676
6621896107477697038
6621752920981389838
6618495901717496333
6617319214141145604
6619112564095713806
6619112564095713806
6617642745907380750
6617642745907380750
6617641088888865288
6617641088888865288
6617635041000292877
6617635041000292877
6617634614515073539
6617634614515073539
6615534909823909901
6615534909823909901
6615534641820467720
6615534641820467720
6615508025316737550
6615508025316737550
6615398567227949572
6615398567227949572
6615396719309881870
6611699960175919629
6615396719309881870
6611699960175919629
6611490942392205326
6611490942392205326
V_023dCPmm
V_023TJBvZ
V_023KNw7T
V_022sucoB
V_022lmeR8
V_022fnnGs
V_022f8B0C
V_022Xde7R
6631420255971312142
6631412855348396548
6631412755666584072
6631406977027146243
6631406484817183239
6631402243755082243
6631400226064171528
6631388269739262471
6631383249572594179
6631361697816773123
6631345444922327559
6631344135892632071
6631342629483184648
6631338912843301383
6631332270500217351
6631329377382564366
6631325003532993031
6631321990898647559
6631321793837679112
6631321502153179656
6631320801352090115
6631320451136094723
6631320240846275080
6631320002878243342
6631319836867691011
6631319173744034318
6631316399287435779
6631315680325009924
6631315328037028359
6631313048281809416
6631312838742786574
6631312399976628750
6631312182644572679
6631311919481356808
6631311779051864580
6631311639620616712
6631311402986373639
6631311130717323783
6631307916315984398
6631305853582443011
6631304063642239491
6631303201465303566
6631302073067504136
6631299506195399182
6631297058147926532
6631296239369454094
6631294612138885640
6631291362266317315
6631121655076766216
6631110832254108163
6631108855034036744
6631108413541581320
6631108045139083780
6631107485291807240
6631106262262104579
6631089334667706888
6631089035542528515
6631084647826588173
6631072397497729544
6631060113853530627
6631040958379065870
6631037710687535623
6631036347849114125
6631036120178115079
6631035837020635655
6631035606153560589
6631035358853202436
6631035068372484611
6631034674938380807
6631034310759547400
6631034150591660551
6631033709111804423
6631030541443400205
6631026769245766151
6631024657875075588
6631023233246167565
6631015185752523271
6631011287218258446
6631006971069743630
6631006954418340355
